0 -70
0.1 -69.7906
0.2 -69.5651
0.3 -69.4696
0.4 -69.2183
0.5 -68.9632
0.6 -68.8548
0.7 -68.8767
0.8 -68.7813
0.9 -68.7051
1 -68.5693
1.1 -68.4977
1.2 -68.5182
1.3 -68.566
1.4 -68.5389
1.5 -68.5048
1.6 -68.5149
1.7 -68.5495
1.8 -68.5575
1.9 -68.3979
2 -68.3673
2.1 -68.3286
2.2 -68.2976
2.3 -68.3265
2.4 -68.3513
2.5 -68.3299
2.6 -68.2548
2.7 -68.0874
2.8 -68.0205
2.9 -67.9927
3 -67.9279
3.1 -67.8964
3.2 -67.8864
3.3 -67.967
3.4 -68.0252
3.5 -68.1399
3.6 -68.2215
3.7 -68.1382
3.8 -68.0954
3.9 -68.1974
4 -68.271
4.1 -68.3412
4.2 -68.43
4.3 -68.522
4.4 -68.6281
4.5 -68.7492
4.6 -68.9261
4.7 -69.086
4.8 -69.2169
4.9 -69.3104
5 -69.3809
5.1 -69.4426
5.2 -69.4968
5.3 -69.5528
5.4 -69.5958
5.5 -69.6553
5.6 -69.6141
5.7 -69.5163
5.8 -69.4191
5.9 -69.308
6 -69.4052
6.1 -69.5081
6.2 -69.5931
6.3 -69.5638
6.4 -69.4562
6.5 -69.3124
6.6 -69.1048
6.7 -68.9518
6.8 -68.8555
6.9 -68.7408
7 -68.6742
7.1 -68.677
7.2 -68.8023
7.3 -68.9775
7.4 -69.1204
7.5 -69.1998
7.6 -69.3305
7.7 -69.4239
7.8 -69.4387
7.9 -69.4741
8 -69.549
8.1 -69.5579
8.2 -69.6474
8.3 -69.7176
8.4 -69.7819
8.5 -69.8332
8.6 -69.8305
8.7 -69.835
8.8 -69.7601
8.9 -69.7084
9 -69.5494
9.1 -69.3676
9.2 -69.3268
9.3 -69.2852
9.4 -69.2147
9.5 -69.1352
9.6 -69.0765
9.7 -68.9134
9.8 -68.6979
9.9 -68.5428
10 -68.4728
10.1 -68.5134
10.2 -68.4755
10.3 -68.4513
10.4 -68.4414
10.5 -68.4027
10.6 -68.3274
10.7 -68.2785
10.8 -68.2354
10.9 -68.1085
11 -68.0616
11.1 -68.0938
11.2 -68.1124
11.3 -67.9375
11.4 -67.9648
11.5 -67.8834
11.6 -67.7329
11.7 -67.5406
11.8 -67.3972
11.9 -67.2048
12 -66.8952
12.1 -66.5854
12.2 -66.3459
12.3 -66.1368
12.4 -65.9633
12.5 -65.7706
12.6 -65.6468
12.7 -65.6611
12.8 -65.5945
12.9 -65.562
13 -65.4553
13.1 -65.4062
13.2 -65.3927
13.3 -65.4683
13.4 -65.4699
13.5 -65.4541
13.6 -65.4602
13.7 -65.4188
13.8 -65.2202
13.9 -65.0503
14 -64.848
14.1 -64.7244
14.2 -64.6672
14.3 -64.7809
14.4 -64.76
14.5 -64.83
14.6 -65.0111
14.7 -65.2122
14.8 -65.564
14.9 -65.8956
15 -66.2276
15.1 -66.4537
15.2 -66.5174
15.3 -66.5597
15.4 -66.5255
15.5 -66.5436
15.6 -66.6143
15.7 -66.614
15.8 -66.6145
15.9 -66.6186
16 -66.5337
16.1 -66.5332
16.2 -66.426
16.3 -66.3324
16.4 -66.19
16.5 -66.1037
16.6 -65.8942
16.7 -65.824
16.8 -65.8466
16.9 -65.8424
17 -65.7516
17.1 -65.694
17.2 -65.5608
17.3 -65.6056
17.4 -65.6468
17.5 -65.7065
17.6 -65.7477
17.7 -65.6158
17.8 -65.6449
17.9 -65.7093
18 -65.8608
18.1 -66.0875
18.2 -66.3327
18.3 -66.5973
18.4 -66.8038
18.5 -67.0095
18.6 -67.1628
18.7 -67.3097
18.8 -67.436
18.9 -67.5415
19 -67.6422
19.1 -67.7215
19.2 -67.8066
19.3 -67.7277
19.4 -67.7428
19.5 -67.6259
19.6 -67.5936
19.7 -67.6676
19.8 -67.6059
19.9 -67.482
20 -67.3929
20.1 -67.284
20.2 -67.1834
20.3 -67.0878
20.4 -67.0694
20.5 -67.0196
20.6 -66.9837
20.7 -67.0153
20.8 -66.9384
20.9 -66.9145
21 -66.8387
21.1 -66.7878
21.2 -66.7611
21.3 -66.8107
21.4 -66.9463
21.5 -67.028
21.6 -67.082
21.7 -67.0677
21.8 -67.2297
21.9 -67.4223
22 -67.6209
22.1 -67.7655
22.2 -67.9132
22.3 -68.0435
22.4 -68.1507
22.5 -68.246
22.6 -68.328
22.7 -68.3984
22.8 -68.4715
22.9 -68.537
23 -68.5878
23.1 -68.6194
23.2 -68.6663
23.3 -68.707
23.4 -68.7298
23.5 -68.749
23.6 -68.7803
23.7 -68.7985
23.8 -68.8281
23.9 -68.8843
24 -68.8677
24.1 -68.7645
24.2 -68.6726
24.3 -68.731
24.4 -68.7553
24.5 -68.854
24.6 -68.9368
24.7 -69.014
24.8 -69.0752
24.9 -69.1345
25 -69.1835
25.1 -69.0661
25.2 -68.9084
25.3 -68.7316
25.4 -68.4604
25.5 -68.2169
25.6 -68.0018
25.7 -67.8478
25.8 -67.8359
25.9 -67.8723
26 -67.803
26.1 -67.9518
26.2 -68.1173
26.3 -68.2826
26.4 -68.4567
26.5 -68.62
26.6 -68.7644
26.7 -68.8881
26.8 -68.99
26.9 -69.0818
27 -69.1694
27.1 -69.2378
27.2 -69.2816
27.3 -69.3337
27.4 -69.3886
27.5 -69.4336
27.6 -69.462
27.7 -69.4942
27.8 -69.5511
27.9 -69.594
28 -69.631
28.1 -69.6203
28.2 -69.5413
28.3 -69.5582
28.4 -69.4688
28.5 -69.4057
28.6 -69.2837
28.7 -69.1777
28.8 -69.1593
28.9 -69.1553
29 -69.2095
29.1 -69.3308
29.2 -69.4517
29.3 -69.5387
29.4 -69.6341
29.5 -69.7195
29.6 -69.7633
29.7 -69.8016
29.8 -69.7172
29.9 -69.7803
30 -69.7569
30.1 -69.6732
30.2 -69.6455
30.3 -69.6369
30.4 -69.6368
30.5 -69.5815
30.6 -69.4198
30.7 -69.2838
30.8 -69.1108
30.9 -68.8564
31 -68.5779
31.1 -68.4262
31.2 -68.1968
31.3 -67.9935
31.4 -67.8345
31.5 -67.7355
31.6 -67.5674
31.7 -67.3743
31.8 -67.2538
31.9 -67.2582
32 -67.2533
32.1 -67.3609
32.2 -67.5235
32.3 -67.6653
32.4 -67.7938
32.5 -67.7873
32.6 -67.7758
32.7 -67.7795
32.8 -67.6752
32.9 -67.5107
33 -67.3112
33.1 -67.1738
33.2 -67.0445
33.3 -66.8677
33.4 -66.6961
33.5 -66.5941
33.6 -66.5506
33.7 -66.5219
33.8 -66.4595
33.9 -66.5101
34 -66.5233
34.1 -66.3797
34.2 -66.2485
34.3 -66.1804
34.4 -66.0386
34.5 -65.8934
34.6 -65.7897
34.7 -65.7593
34.8 -65.7229
34.9 -65.7091
35 -65.6157
35.1 -65.5517
35.2 -65.5681
35.3 -65.6464
35.4 -65.8094
35.5 -65.9286
35.6 -66.1537
35.7 -66.3522
35.8 -66.4843
35.9 -66.5399
36 -66.7071
36.1 -66.8011
36.2 -66.8302
36.3 -66.8594
36.4 -66.9651
36.5 -67.0051
36.6 -66.9288
36.7 -66.8089
36.8 -66.7811
36.9 -66.8373
37 -66.9481
37.1 -66.9102
37.2 -66.8353
37.3 -66.9194
37.4 -66.9449
37.5 -67.0633
37.6 -67.091
37.7 -67.1217
37.8 -67.0481
37.9 -67.018
38 -67.0295
38.1 -67.0909
38.2 -67.0078
38.3 -66.9055
38.4 -66.8013
38.5 -66.6529
38.6 -66.5198
38.7 -66.4569
38.8 -66.4768
38.9 -66.61
39 -66.7332
39.1 -66.7309
39.2 -66.7316
39.3 -66.7452
39.4 -66.7763
39.5 -66.8781
39.6 -66.9528
39.7 -67.0536
39.8 -67.0315
39.9 -66.9622
40 -66.818
40.1 -66.7926
40.2 -66.8621
40.3 -66.8616
40.4 -66.8575
40.5 -66.8691
40.6 -66.7975
40.7 -66.8332
40.8 -66.986
40.9 -67.157
41 -67.3509
41.1 -67.6287
41.2 -67.8677
41.3 -68.0444
41.4 -68.2005
41.5 -68.3324
41.6 -68.4512
41.7 -68.5093
41.8 -68.6107
41.9 -68.7176
42 -68.6303
42.1 -68.5685
42.2 -68.5916
42.3 -68.5954
42.4 -68.7032
42.5 -68.7343
42.6 -68.8592
42.7 -68.9672
42.8 -69.0481
42.9 -69.1225
43 -69.1686
43.1 -69.2064
43.2 -69.2521
43.3 -69.2952
43.4 -69.3372
43.5 -69.3854
43.6 -69.4518
43.7 -69.3849
43.8 -69.3254
43.9 -69.2324
44 -69.118
44.1 -69.169
44.2 -69.2673
44.3 -69.3938
44.4 -69.4216
44.5 -69.4486
44.6 -69.52
44.7 -69.5409
44.8 -69.5558
44.9 -69.6579
45 -69.6757
45.1 -69.7413
45.2 -69.8084
45.3 -69.8612
45.4 -69.9207
45.5 -69.9778
45.6 -70.0156
45.7 -70.0483
45.8 -70.0697
45.9 -70.0896
46 -70.0936
46.1 -70.1007
46.2 -70.1111
46.3 -70.1324
46.4 -70.1475
46.5 -70.1505
46.6 -70.1502
46.7 -70.1572
46.8 -70.1674
46.9 -70.1953
47 -70.2164
47.1 -70.2339
47.2 -70.2532
47.3 -70.2725
47.4 -70.3019
47.5 -70.3494
47.6 -70.2556
47.7 -70.1608
47.8 -69.9842
47.9 -69.827
48 -69.7408
48.1 -69.6324
48.2 -69.5348
48.3 -69.5266
48.4 -69.7057
48.5 -69.7947
48.6 -69.9505
48.7 -70.0326
48.8 -70.1309
48.9 -70.0663
49 -70.0151
49.1 -69.97
49.2 -69.85
49.3 -69.7466
49.4 -69.7456
49.5 -69.9209
49.6 -70.0686
49.7 -70.1827
49.8 -70.272
49.9 -70.3426
50 -70.4065
