0 -70
0.1 -69.7906
0.2 -69.6161
0.3 -69.5299
0.4 -69.4232
0.5 -69.3519
0.6 -69.2214
0.7 -69.2026
0.8 -69.2602
0.9 -69.3513
1 -69.3615
1.1 -69.3818
1.2 -69.3194
1.3 -69.3327
1.4 -69.2016
1.5 -69.0961
1.6 -68.9194
1.7 -68.6085
1.8 -68.3511
1.9 -68.1012
2 -67.9259
2.1 -67.7364
2.2 -67.6054
2.3 -67.5021
2.4 -67.3925
2.5 -67.4975
2.6 -67.5435
2.7 -67.6363
2.8 -67.6766
2.9 -67.7193
3 -67.7599
3.1 -67.8962
3.2 -68.0363
3.3 -68.2618
3.4 -68.4842
3.5 -68.618
3.6 -68.8432
3.7 -69.0069
3.8 -69.1531
3.9 -69.2846
4 -69.3531
4.1 -69.3687
4.2 -69.3834
4.3 -69.3546
4.4 -69.437
4.5 -69.5289
4.6 -69.6074
4.7 -69.6523
4.8 -69.7229
4.9 -69.7127
5 -69.6163
5.1 -69.5536
5.2 -69.4507
5.3 -69.3151
5.4 -69.1157
5.5 -68.9371
5.6 -68.7258
5.7 -68.5175
5.8 -68.3413
5.9 -68.3281
6 -68.2312
6.1 -68.0658
6.2 -67.8725
6.3 -67.8118
6.4 -67.8246
6.5 -67.7981
6.6 -67.6826
6.7 -67.5911
6.8 -67.4686
6.9 -67.4503
7 -67.3837
7.1 -67.3718
7.2 -67.4704
7.3 -67.4517
7.4 -67.3769
7.5 -67.3333
7.6 -67.2975
7.7 -67.1455
7.8 -67.0849
7.9 -67.0114
8 -67.0437
8.1 -67.1596
8.2 -67.2547
8.3 -67.2629
8.4 -67.3337
8.5 -67.3038
8.6 -67.2108
8.7 -67.202
8.8 -67.1297
8.9 -67.0183
9 -66.9077
9.1 -66.7476
9.2 -66.5688
9.3 -66.4013
9.4 -66.328
9.5 -66.2901
9.6 -66.2298
9.7 -66.2094
9.8 -66.1648
9.9 -66.121
10 -66.0203
10.1 -65.8861
10.2 -65.7898
10.3 -65.6946
10.4 -65.5963
10.5 -65.5658
10.6 -65.5643
10.7 -65.4344
10.8 -65.3094
10.9 -65.1497
11 -64.9986
11.1 -64.9049
11.2 -64.7659
11.3 -64.8004
11.4 -64.8445
11.5 -64.8648
11.6 -64.9693
11.7 -65.073
11.8 -65.033
11.9 -65.0009
12 -65.088
12.1 -65.1627
12.2 -65.2644
12.3 -65.3826
12.4 -65.4996
12.5 -65.598
12.6 -65.6618
12.7 -65.665
12.8 -65.6826
12.9 -65.6691
13 -65.7744
13.1 -65.822
13.2 -65.8344
13.3 -65.8039
13.4 -65.5867
13.5 -65.5054
13.6 -65.4754
13.7 -65.5482
13.8 -65.5414
13.9 -65.4343
14 -65.3513
14.1 -65.3168
14.2 -65.3311
14.3 -65.4054
14.4 -65.4099
14.5 -65.3973
14.6 -65.384
14.7 -65.3439
14.8 -65.447
14.9 -65.5083
15 -65.5889
15.1 -65.8387
15.2 -66.0351
15.3 -66.2911
15.4 -66.4946
15.5 -66.6458
15.6 -66.6846
15.7 -66.5996
15.8 -66.5488
15.9 -66.5228
16 -66.55
16.1 -66.4923
16.2 -66.4812
16.3 -66.507
16.4 -66.4772
16.5 -66.5067
16.6 -66.6015
16.7 -66.5286
16.8 -66.4827
16.9 -66.5968
17 -66.6267
17.1 -66.5795
17.2 -66.5088
17.3 -66.3749
17.4 -66.4389
17.5 -66.5209
17.6 -66.5101
17.7 -66.4665
17.8 -66.613
17.9 -66.7432
18 -66.7458
18.1 -66.8404
18.2 -66.9055
18.3 -66.9357
18.4 -67.0596
18.5 -67.2123
18.6 -67.3355
18.7 -67.2993
18.8 -67.1706
18.9 -67.0993
19 -66.9899
19.1 -66.8283
19.2 -66.6088
19.3 -66.302
19.4 -66.0237
19.5 -65.713
19.6 -65.5001
19.7 -65.2562
19.8 -65.1358
19.9 -65.0947
20 -65.0203
20.1 -64.94
20.2 -64.9312
20.3 -64.8882
20.4 -64.9291
20.5 -65.0476
20.6 -65.1195
20.7 -65.2219
20.8 -65.3456
20.9 -65.3946
21 -65.3689
21.1 -65.3195
21.2 -65.2859
21.3 -65.2667
21.4 -65.2859
21.5 -65.2645
21.6 -65.0937
21.7 -64.8858
21.8 -64.7138
21.9 -64.7356
22 -64.7313
22.1 -64.7333
22.2 -64.7243
22.3 -64.7592
22.4 -64.7894
22.5 -64.7889
22.6 -64.8205
22.7 -64.8193
22.8 -64.8821
22.9 -64.8969
23 -64.9481
23.1 -65.0106
23.2 -65.0519
23.3 -65.0772
23.4 -65.0553
23.5 -65.0405
23.6 -64.9662
23.7 -64.8685
23.8 -64.7052
23.9 -64.6114
24 -64.5435
24.1 -64.5178
24.2 -64.4001
24.3 -64.2922
24.4 -64.1169
24.5 -64.0564
24.6 -63.9616
24.7 -63.9319
24.8 -63.9735
24.9 -63.9803
25 -64.128
25.1 -64.3296
25.2 -64.3832
25.3 -64.3601
25.4 -64.2672
25.5 -64.2048
25.6 -64.1097
25.7 -64.0286
25.8 -63.9884
25.9 -64.044
26 -64.0491
26.1 -64.1601
26.2 -64.3401
26.3 -64.5373
26.4 -64.7511
26.5 -64.9686
26.6 -65.1742
26.7 -65.4596
26.8 -65.6925
26.9 -65.8837
27 -65.9903
27.1 -65.9104
27.2 -65.8719
27.3 -65.7301
27.4 -65.6754
27.5 -65.7156
27.6 -65.6759
27.7 -65.6925
27.8 -65.7376
27.9 -65.7531
28 -65.7998
28.1 -65.9454
28.2 -66.0292
28.3 -65.9677
28.4 -65.9262
28.5 -65.818
28.6 -65.7355
28.7 -65.6334
28.8 -65.5985
28.9 -65.5489
29 -65.4463
29.1 -65.3863
29.2 -65.2817
29.3 -65.1477
29.4 -65.1087
29.5 -65.1449
29.6 -65.1644
29.7 -65.2331
29.8 -65.3064
29.9 -65.3355
30 -65.3712
30.1 -65.3338
30.2 -65.3492
30.3 -65.369
30.4 -65.4601
30.5 -65.5064
30.6 -65.7409
30.7 -65.8835
30.8 -65.9439
30.9 -65.8713
31 -65.799
31.1 -65.8206
31.2 -65.8431
31.3 -65.9275
31.4 -66.0198
31.5 -66.1215
31.6 -66.2088
31.7 -66.218
31.8 -66.1622
31.9 -66.1029
32 -65.9487
32.1 -65.7497
32.2 -65.7224
32.3 -65.6237
32.4 -65.5712
32.5 -65.528
32.6 -65.5325
32.7 -65.67
32.8 -65.763
32.9 -65.9673
33 -66.0947
33.1 -66.1598
33.2 -66.242
33.3 -66.2671
33.4 -66.3468
33.5 -66.3769
33.6 -66.5522
33.7 -66.6965
33.8 -66.7431
33.9 -66.8151
34 -66.8861
34.1 -66.7788
34.2 -66.6528
34.3 -66.6553
34.4 -66.7889
34.5 -66.9008
34.6 -66.9901
34.7 -67.133
34.8 -67.3551
34.9 -67.5774
35 -67.7548
35.1 -67.9068
35.2 -68.0533
35.3 -68.1795
35.4 -68.2864
35.5 -68.3618
35.6 -68.4165
35.7 -68.4749
35.8 -68.5366
35.9 -68.5788
36 -68.631
36.1 -68.7017
36.2 -68.7568
36.3 -68.8175
36.4 -68.877
36.5 -68.9246
36.6 -68.992
36.7 -68.896
36.8 -68.9836
36.9 -69.0588
37 -68.9392
37.1 -68.9172
37.2 -68.9361
37.3 -68.9093
37.4 -68.8213
37.5 -68.9595
37.6 -69.0771
37.7 -69.1832
37.8 -69.2617
37.9 -69.3235
38 -69.3809
38.1 -69.4436
38.2 -69.5079
38.3 -69.5653
38.4 -69.6169
38.5 -69.6713
38.6 -69.7174
38.7 -69.7463
38.8 -69.7222
38.9 -69.6303
39 -69.6364
39.1 -69.6877
39.2 -69.7426
39.3 -69.7674
39.4 -69.8332
39.5 -69.8787
39.6 -69.9297
39.7 -69.9861
39.8 -69.9926
39.9 -70.05
40 -70.1035
40.1 -70.1535
40.2 -70.1899
40.3 -70.2106
40.4 -70.2585
40.5 -70.2992
40.6 -70.3389
40.7 -70.3725
40.8 -70.4093
40.9 -70.4433
41 -70.4754
41.1 -70.4997
41.2 -70.5271
41.3 -70.5506
41.4 -70.5771
41.5 -70.5362
41.6 -70.5774
41.7 -70.5918
41.8 -70.6283
41.9 -70.6439
42 -70.533
42.1 -70.4667
42.2 -70.4631
42.3 -70.4176
42.4 -70.2735
42.5 -69.9623
42.6 -69.6851
42.7 -69.4526
42.8 -69.1689
42.9 -68.9594
43 -68.7723
43.1 -68.7492
43.2 -68.7941
43.3 -68.9107
43.4 -68.9434
43.5 -69.0287
43.6 -69.011
43.7 -68.9111
43.8 -68.8097
43.9 -68.777
44 -68.8087
44.1 -68.8432
44.2 -68.7076
44.3 -68.6263
44.4 -68.4438
44.5 -68.2034
44.6 -68.1115
44.7 -67.9398
44.8 -67.8581
44.9 -67.6656
45 -67.5452
45.1 -67.4706
45.2 -67.495
45.3 -67.4893
45.4 -67.4812
45.5 -67.4204
45.6 -67.4569
45.7 -67.4785
45.8 -67.5628
45.9 -67.5725
46 -67.7286
46.1 -67.8486
46.2 -67.8629
46.3 -67.8506
46.4 -67.805
46.5 -67.6774
46.6 -67.7504
46.7 -67.8363
46.8 -67.909
46.9 -68.0481
47 -68.1607
47.1 -68.2562
47.2 -68.3537
47.3 -68.5094
47.4 -68.5402
47.5 -68.5766
47.6 -68.6525
47.7 -68.6431
47.8 -68.8107
47.9 -68.9337
48 -68.9576
48.1 -68.8617
48.2 -68.6851
48.3 -68.5203
48.4 -68.3965
48.5 -68.2716
48.6 -68.1825
48.7 -67.8582
48.8 -67.6154
48.9 -67.4434
49 -67.2544
49.1 -67.2657
49.2 -67.4488
49.3 -67.6629
49.4 -67.6274
49.5 -67.5243
49.6 -67.4395
49.7 -67.2843
49.8 -67.154
49.9 -67.3064
50 -67.4751
