0 -70
0.1 -69.7906
0.2 -69.5287
0.3 -69.3195
0.4 -69.17
0.5 -69.068
0.6 -68.9926
0.7 -68.837
0.8 -68.6147
0.9 -68.602
1 -68.5714
1.1 -68.4821
1.2 -68.2375
1.3 -67.9281
1.4 -67.6714
1.5 -67.3715
1.6 -67.1771
1.7 -67.1452
1.8 -67.1483
1.9 -67.2277
2 -67.2937
2.1 -67.3248
2.2 -67.4883
2.3 -67.5503
2.4 -67.6464
2.5 -67.7752
2.6 -67.8679
2.7 -67.8598
2.8 -67.9533
2.9 -67.9129
3 -67.8477
3.1 -67.7501
3.2 -67.5741
3.3 -67.463
3.4 -67.4333
3.5 -67.4385
3.6 -67.4995
3.7 -67.5536
3.8 -67.5524
3.9 -67.4752
4 -67.4461
4.1 -67.4672
4.2 -67.5746
4.3 -67.4831
4.4 -67.5118
4.5 -67.4309
4.6 -67.3637
4.7 -67.3075
4.8 -67.3615
4.9 -67.3492
5 -67.2981
5.1 -67.2491
5.2 -67.1396
5.3 -67.1161
5.4 -67.125
5.5 -67.2602
5.6 -67.221
5.7 -67.2038
5.8 -67.1132
5.9 -67.046
6 -67.0765
6.1 -67.006
6.2 -66.7383
6.3 -66.5042
6.4 -66.3625
6.5 -66.4303
6.6 -66.3939
6.7 -66.2819
6.8 -66.1633
6.9 -65.9955
7 -65.9105
7.1 -65.856
7.2 -65.8345
7.3 -65.778
7.4 -65.6353
7.5 -65.5935
7.6 -65.5625
7.7 -65.6261
7.8 -65.6812
7.9 -65.7754
8 -65.8436
8.1 -65.8651
8.2 -65.8526
8.3 -65.8821
8.4 -65.8972
8.5 -66.0085
8.6 -66.1083
8.7 -66.1388
8.8 -66.214
8.9 -66.2776
9 -66.3419
9.1 -66.2885
9.2 -66.2218
9.3 -66.1021
9.4 -66.0057
9.5 -66.0175
9.6 -65.9912
9.7 -66.0426
9.8 -66.0614
9.9 -66.1125
10 -66.1727
10.1 -66.3145
10.2 -66.451
10.3 -66.5957
10.4 -66.7469
10.5 -66.8986
10.6 -67.0107
10.7 -67.1252
10.8 -67.2493
10.9 -67.3901
11 -67.4624
11.1 -67.6004
11.2 -67.7157
11.3 -67.8019
11.4 -67.8834
11.5 -67.9646
11.6 -68.0218
11.7 -68.0895
11.8 -68.1523
11.9 -68.2014
12 -68.2368
12.1 -68.2483
12.2 -68.2628
12.3 -68.268
12.4 -68.278
12.5 -68.2893
12.6 -68.3061
12.7 -68.343
12.8 -68.3862
12.9 -68.417
13 -68.4482
13.1 -68.4802
13.2 -68.5276
13.3 -68.5731
13.4 -68.5958
13.5 -68.6103
13.6 -68.6461
13.7 -68.6835
13.8 -68.7124
13.9 -68.722
14 -68.7277
14.1 -68.7682
14.2 -68.6788
14.3 -68.5772
14.4 -68.4291
14.5 -68.211
14.6 -68.1009
14.7 -67.9347
14.8 -67.6735
14.9 -67.4601
15 -67.2585
15.1 -67.0577
15.2 -66.8782
15.3 -66.9141
15.4 -66.8765
15.5 -66.8662
15.6 -66.8783
15.7 -66.8965
15.8 -66.8698
15.9 -66.8139
16 -66.9001
16.1 -66.9785
16.2 -66.9546
16.3 -67.0721
16.4 -67.2656
16.5 -67.2143
16.6 -67.1182
16.7 -66.9294
16.8 -66.8744
16.9 -66.895
17 -66.7733
17.1 -66.7397
17.2 -66.6458
17.3 -66.5225
17.4 -66.4035
17.5 -66.2581
17.6 -66.0823
17.7 -65.9104
17.8 -65.8173
17.9 -65.8218
18 -65.7779
18.1 -65.6759
18.2 -65.5403
18.3 -65.535
18.4 -65.5614
18.5 -65.603
18.6 -65.7374
18.7 -65.8747
18.8 -66.0241
18.9 -66.1715
19 -66.2293
19.1 -66.2961
19.2 -66.3574
19.3 -66.4675
19.4 -66.5506
19.5 -66.5647
19.6 -66.6294
19.7 -66.6373
19.8 -66.6328
19.9 -66.617
20 -66.514
20.1 -66.5446
20.2 -66.6246
20.3 -66.7007
20.4 -66.7463
20.5 -66.8286
20.6 -66.7836
20.7 -66.7644
20.8 -66.9101
20.9 -67.1372
21 -67.2699
21.1 -67.3664
21.2 -67.4796
21.3 -67.5014
21.4 -67.5381
21.5 -67.555
21.6 -67.6259
21.7 -67.7669
21.8 -67.8734
21.9 -67.9516
22 -68.0155
22.1 -68.0805
22.2 -68.1364
22.3 -68.1923
22.4 -68.2529
22.5 -68.304
22.6 -68.3509
22.7 -68.3904
22.8 -68.4274
22.9 -68.4622
23 -68.4941
23.1 -68.5271
23.2 -68.5757
23.3 -68.626
23.4 -68.6699
23.5 -68.622
23.6 -68.4765
23.7 -68.2687
23.8 -67.9423
23.9 -67.5702
24 -67.2362
24.1 -66.8855
24.2 -66.5735
24.3 -66.4106
24.4 -66.1747
24.5 -65.9389
24.6 -65.8424
24.7 -65.7491
24.8 -65.6493
24.9 -65.4576
25 -65.2468
25.1 -65.0474
25.2 -64.8018
25.3 -64.6626
25.4 -64.5625
25.5 -64.5753
25.6 -64.5732
25.7 -64.5509
25.8 -64.6115
25.9 -64.7257
26 -64.9587
26.1 -65.1235
26.2 -65.3443
26.3 -65.6601
26.4 -65.7568
26.5 -65.803
26.6 -65.8
26.7 -65.8924
26.8 -65.8663
26.9 -65.8848
27 -65.9145
27.1 -65.9161
27.2 -65.8965
27.3 -65.9922
27.4 -66.0413
27.5 -66.0777
27.6 -66.1508
27.7 -66.1305
27.8 -66.1173
27.9 -65.9906
28 -65.8442
28.1 -65.7714
28.2 -65.7218
28.3 -65.6809
28.4 -65.7267
28.5 -65.7785
28.6 -65.8553
28.7 -65.8971
28.8 -65.9141
28.9 -65.8356
29 -65.6572
29.1 -65.5665
29.2 -65.5196
29.3 -65.62
29.4 -65.755
29.5 -65.8604
29.6 -65.856
29.7 -65.9819
29.8 -66.0708
29.9 -66.2186
30 -66.3775
30.1 -66.4436
30.2 -66.5309
30.3 -66.5902
30.4 -66.7172
30.5 -66.7655
30.6 -66.686
30.7 -66.51
30.8 -66.4225
30.9 -66.453
31 -66.387
31.1 -66.4429
31.2 -66.4399
31.3 -66.4119
31.4 -66.4148
31.5 -66.4119
31.6 -66.33
31.7 -66.2016
31.8 -66.1859
31.9 -66.2608
32 -66.2905
32.1 -66.3269
32.2 -66.3946
32.3 -66.492
32.4 -66.4505
32.5 -66.4266
32.6 -66.3413
32.7 -66.3173
32.8 -66.2582
32.9 -66.1693
33 -66.1384
33.1 -66.1248
33.2 -66.1536
33.3 -66.2295
33.4 -66.335
33.5 -66.411
33.6 -66.5313
33.7 -66.6106
33.8 -66.7276
33.9 -66.8605
34 -67.004
34.1 -67.0602
34.2 -67.1185
34.3 -67.1786
34.4 -67.1995
34.5 -67.2347
34.6 -67.3354
34.7 -67.485
34.8 -67.6519
34.9 -67.8224
35 -67.9328
35.1 -68.0078
35.2 -68.0242
35.3 -68.0781
35.4 -68.1701
35.5 -68.2848
35.6 -68.3672
35.7 -68.4284
35.8 -68.5117
35.9 -68.5923
36 -68.6654
36.1 -68.7237
36.2 -68.7917
36.3 -68.8433
36.4 -68.9011
36.5 -68.9447
36.6 -68.9916
36.7 -69.0411
36.8 -69.0946
36.9 -69.1251
37 -69.1538
37.1 -69.1837
37.2 -69.2068
37.3 -69.2294
37.4 -69.2813
37.5 -69.3094
37.6 -69.2991
37.7 -69.3396
37.8 -69.4011
37.9 -69.3062
38 -69.351
38.1 -69.4171
38.2 -69.4883
38.3 -69.4249
38.4 -69.4222
38.5 -69.4228
38.6 -69.4183
38.7 -69.3449
38.8 -69.1309
38.9 -69.0764
39 -69.1479
39.1 -69.1503
39.2 -69.1596
39.3 -69.1566
39.4 -69.2402
39.5 -69.2298
39.6 -69.2584
39.7 -69.3955
39.8 -69.5241
39.9 -69.6322
40 -69.7164
40.1 -69.776
40.2 -69.8256
40.3 -69.8945
40.4 -69.9141
40.5 -69.8025
40.6 -69.8476
40.7 -69.7761
40.8 -69.8588
40.9 -69.9436
41 -69.8312
41.1 -69.8262
41.2 -69.8158
41.3 -69.8017
41.4 -69.6814
41.5 -69.5725
41.6 -69.5728
41.7 -69.5099
41.8 -69.3646
41.9 -69.289
42 -69.2668
42.1 -69.1378
42.2 -69.0308
42.3 -69.0624
42.4 -68.9723
42.5 -68.9429
42.6 -68.9393
42.7 -68.8472
42.8 -68.6979
42.9 -68.4411
43 -68.2286
43.1 -68.0917
43.2 -68.029
43.3 -68.0635
43.4 -68.1729
43.5 -68.2171
43.6 -68.1384
43.7 -68.1251
43.8 -68.1778
43.9 -68.2993
44 -68.4126
44.1 -68.4473
44.2 -68.4464
44.3 -68.4127
44.4 -68.3953
44.5 -68.3222
44.6 -68.3824
44.7 -68.3425
44.8 -68.2896
44.9 -68.2243
45 -68.1604
45.1 -68.0649
45.2 -68.1256
45.3 -68.1194
45.4 -68.2071
45.5 -68.1508
45.6 -68.1939
45.7 -68.3201
45.8 -68.4879
45.9 -68.624
46 -68.6289
46.1 -68.7237
46.2 -68.9182
46.3 -69.0619
46.4 -69.2516
46.5 -69.2874
46.6 -69.1866
46.7 -69.1991
46.8 -69.189
46.9 -69.1486
47 -69.0909
47.1 -69.0582
47.2 -69.0738
47.3 -69.0854
47.4 -69.0155
47.5 -68.9919
47.6 -68.9619
47.7 -68.9837
47.8 -69.0418
47.9 -69.1841
48 -69.2919
48.1 -69.3669
48.2 -69.3238
48.3 -69.2836
48.4 -69.4118
48.5 -69.4929
48.6 -69.4407
48.7 -69.4116
48.8 -69.2797
48.9 -69.1498
49 -69.0642
49.1 -68.8039
49.2 -68.6162
49.3 -68.4339
49.4 -68.3032
49.5 -68.1947
49.6 -68.2146
49.7 -68.0979
49.8 -67.9443
49.9 -67.8151
50 -67.8165
