0 -70
0.1 -69.7906
0.2 -69.6391
0.3 -69.3911
0.4 -69.1701
0.5 -69.0452
0.6 -68.8317
0.7 -68.5089
0.8 -68.2215
0.9 -67.9978
1 -67.717
1.1 -67.4512
1.2 -67.2336
1.3 -66.936
1.4 -66.802
1.5 -66.6739
1.6 -66.5455
1.7 -66.4848
1.8 -66.4293
1.9 -66.3327
2 -66.3829
2.1 -66.4723
2.2 -66.5389
2.3 -66.5689
2.4 -66.4818
2.5 -66.427
2.6 -66.5536
2.7 -66.7218
2.8 -66.8399
2.9 -66.8871
3 -66.9347
3.1 -67.0749
3.2 -67.1398
3.3 -67.2065
3.4 -67.2978
3.5 -67.3079
3.6 -67.3234
3.7 -67.437
3.8 -67.5162
3.9 -67.6427
4 -67.7284
4.1 -67.7437
4.2 -67.7738
4.3 -67.807
4.4 -67.6763
4.5 -67.439
4.6 -67.23
4.7 -67.0701
4.8 -66.9825
4.9 -66.9177
5 -66.875
5.1 -66.732
5.2 -66.562
5.3 -66.3169
5.4 -66.0959
5.5 -65.8954
5.6 -65.7474
5.7 -65.664
5.8 -65.5072
5.9 -65.2386
6 -65.0551
6.1 -64.9453
6.2 -64.8523
6.3 -64.6932
6.4 -64.6147
6.5 -64.6072
6.6 -64.7007
6.7 -64.8632
6.8 -64.9097
6.9 -64.9295
7 -64.9004
7.1 -64.8776
7.2 -64.8867
7.3 -64.9545
7.4 -64.9792
7.5 -64.9878
7.6 -65.0024
7.7 -64.9837
7.8 -64.9373
7.9 -64.8631
8 -64.8382
8.1 -64.845
8.2 -64.9206
8.3 -64.9853
8.4 -65.0227
8.5 -65.0882
8.6 -65.0675
8.7 -64.9629
8.8 -65.015
8.9 -65.0142
9 -65.0545
9.1 -65.1321
9.2 -65.2759
9.3 -65.2466
9.4 -65.2491
9.5 -65.1282
9.6 -65.0219
9.7 -64.867
9.8 -64.7795
9.9 -64.7519
10 -64.7509
10.1 -64.709
10.2 -64.6911
10.3 -64.7097
10.4 -64.7792
10.5 -64.8701
10.6 -65.0423
10.7 -65.0357
10.8 -64.9388
10.9 -64.852
11 -64.8665
11.1 -64.8189
11.2 -64.8423
11.3 -64.9482
11.4 -64.9316
11.5 -65.0017
11.6 -65.131
11.7 -65.1674
11.8 -65.046
11.9 -64.8616
12 -64.7778
12.1 -64.6966
12.2 -64.5864
12.3 -64.4049
12.4 -64.3183
12.5 -64.2675
12.6 -64.2246
12.7 -64.152
12.8 -64.1926
12.9 -64.1657
13 -64.167
13.1 -64.1889
13.2 -64.1696
13.3 -64.0804
13.4 -64.0537
13.5 -64.0359
13.6 -64.0395
13.7 -64.1143
13.8 -64.0927
13.9 -63.9773
14 -63.9263
14.1 -64.0068
14.2 -64.07
14.3 -64.0969
14.4 -64.0796
14.5 -64.0483
14.6 -64.0762
14.7 -64.1272
14.8 -64.1286
14.9 -64.0604
15 -63.9571
15.1 -63.8494
15.2 -63.7811
15.3 -63.7842
15.4 -63.848
15.5 -63.8702
15.6 -64.0753
15.7 -64.2397
15.8 -64.3846
15.9 -64.515
16 -64.7471
16.1 -64.8967
16.2 -65.0148
16.3 -65.1688
16.4 -65.3644
16.5 -65.4896
16.6 -65.6854
16.7 -65.7861
16.8 -65.8942
16.9 -65.9741
17 -66.0594
17.1 -66.0403
17.2 -65.9935
17.3 -65.8328
17.4 -65.6725
17.5 -65.486
17.6 -65.3782
17.7 -65.1851
17.8 -64.9586
17.9 -64.8355
18 -64.7402
18.1 -64.6472
18.2 -64.5365
18.3 -64.4617
18.4 -64.5269
18.5 -64.4668
18.6 -64.3965
18.7 -64.3401
18.8 -64.2995
18.9 -64.2267
19 -64.0165
19.1 -63.8222
19.2 -63.793
19.3 -63.7891
19.4 -63.8153
19.5 -63.8903
19.6 -63.9291
19.7 -64.0252
19.8 -64.0862
19.9 -64.1717
20 -64.1719
20.1 -64.1719
20.2 -64.1286
20.3 -64.1101
20.4 -64.0879
20.5 -64.0391
20.6 -63.91
20.7 -63.7891
20.8 -63.6795
20.9 -63.6376
21 -63.5934
21.1 -63.5486
21.2 -63.4873
21.3 -63.5518
21.4 -63.5538
21.5 -63.6035
21.6 -63.7448
21.7 -63.8453
21.8 -63.8393
21.9 -63.9069
22 -63.9735
22.1 -64.0237
22.2 -64.1475
22.3 -64.3129
22.4 -64.4377
22.5 -64.6734
22.6 -64.8553
22.7 -64.9952
22.8 -65.0982
22.9 -65.1566
23 -65.2609
23.1 -65.418
23.2 -65.6397
23.3 -65.8187
23.4 -66.0582
23.5 -66.2508
23.6 -66.4569
23.7 -66.5516
23.8 -66.5579
23.9 -66.5158
24 -66.434
24.1 -66.3069
24.2 -66.1167
24.3 -65.866
24.4 -65.6231
24.5 -65.3967
24.6 -65.2969
24.7 -65.3529
24.8 -65.4316
24.9 -65.5328
25 -65.646
25.1 -65.782
25.2 -65.9429
25.3 -66.074
25.4 -66.1153
25.5 -66.1942
25.6 -66.2532
25.7 -66.3162
25.8 -66.3437
25.9 -66.3845
26 -66.3384
26.1 -66.215
26.2 -66.0635
26.3 -65.9641
26.4 -66.0128
26.5 -66.0834
26.6 -66.0237
26.7 -66.126
26.8 -66.2576
26.9 -66.3992
27 -66.6206
27.1 -66.7081
27.2 -66.8167
27.3 -66.911
27.4 -66.9932
27.5 -66.9709
27.6 -67.0041
27.7 -67.0617
27.8 -67.1232
27.9 -67.0777
28 -67.0419
28.1 -66.9723
28.2 -66.9822
28.3 -67.0084
28.4 -66.9752
28.5 -66.9622
28.6 -66.9285
28.7 -66.9393
28.8 -66.9521
28.9 -66.8517
29 -66.8139
29.1 -66.7389
29.2 -66.5705
29.3 -66.6265
29.4 -66.6878
29.5 -66.6993
29.6 -66.6798
29.7 -66.6492
29.8 -66.6057
29.9 -66.5437
30 -66.4744
30.1 -66.3702
30.2 -66.2525
30.3 -66.0651
30.4 -65.9063
30.5 -65.8405
30.6 -65.8645
30.7 -65.9259
30.8 -66.0616
30.9 -66.1749
31 -66.2593
31.1 -66.265
31.2 -66.3404
31.3 -66.4128
31.4 -66.5245
31.5 -66.6048
31.6 -66.596
31.7 -66.521
31.8 -66.4637
31.9 -66.3888
32 -66.2913
32.1 -66.2645
32.2 -66.2928
32.3 -66.4629
32.4 -66.6596
32.5 -66.828
32.6 -66.8926
32.7 -67.0741
32.8 -67.1804
32.9 -67.3521
33 -67.4145
33.1 -67.4594
33.2 -67.4758
33.3 -67.4287
33.4 -67.4417
33.5 -67.5011
33.6 -67.6176
33.7 -67.7374
33.8 -67.9039
33.9 -68.0792
34 -68.1939
34.1 -68.2236
34.2 -68.2393
34.3 -68.1205
34.4 -67.9559
34.5 -67.7107
34.6 -67.5548
34.7 -67.4688
34.8 -67.4273
34.9 -67.2515
35 -67.1062
35.1 -66.882
35.2 -66.7208
35.3 -66.5929
35.4 -66.5327
35.5 -66.5072
35.6 -66.493
35.7 -66.4964
35.8 -66.5139
35.9 -66.5052
36 -66.5862
36.1 -66.6542
36.2 -66.6944
36.3 -66.8053
36.4 -66.7661
36.5 -66.7205
36.6 -66.6345
36.7 -66.7
36.8 -66.7244
36.9 -66.6362
37 -66.4972
37.1 -66.4099
37.2 -66.2832
37.3 -66.1633
37.4 -66.1169
37.5 -66.2798
37.6 -66.4014
37.7 -66.5967
37.8 -66.8407
37.9 -66.9143
38 -66.9309
38.1 -67.0429
38.2 -67.1009
38.3 -67.1347
38.4 -67.1676
38.5 -67.2999
38.6 -67.3657
38.7 -67.4058
38.8 -67.5055
38.9 -67.5418
39 -67.5885
39.1 -67.6467
39.2 -67.7527
39.3 -67.8541
39.4 -67.8339
39.5 -67.965
39.6 -68.163
39.7 -68.3693
39.8 -68.5422
39.9 -68.6837
40 -68.7739
40.1 -68.7106
40.2 -68.6068
40.3 -68.66
40.4 -68.6083
40.5 -68.4204
40.6 -68.3166
40.7 -68.3686
40.8 -68.2248
40.9 -68.0926
41 -67.9185
41.1 -68.0883
41.2 -68.1338
41.3 -68.2678
41.4 -68.4831
41.5 -68.6558
41.6 -68.8471
41.7 -69.0078
41.8 -69.1252
41.9 -69.2399
42 -69.3441
42.1 -69.4352
42.2 -69.2962
42.3 -69.0922
42.4 -68.9232
42.5 -68.7843
42.6 -68.6875
42.7 -68.5823
42.8 -68.319
42.9 -68.0685
43 -67.9361
43.1 -67.7716
43.2 -67.8103
43.3 -67.7412
43.4 -67.6809
43.5 -67.6376
43.6 -67.6781
43.7 -67.8099
43.8 -67.9098
43.9 -68.1198
44 -68.3599
44.1 -68.6409
44.2 -68.8618
44.3 -69.0534
44.4 -69.2072
44.5 -69.325
44.6 -69.4513
44.7 -69.537
44.8 -69.4054
44.9 -69.3241
45 -69.2403
45.1 -69.1469
45.2 -69.2132
45.3 -69.3103
45.4 -69.3672
45.5 -69.4989
45.6 -69.6248
45.7 -69.7365
45.8 -69.8211
45.9 -69.901
46 -69.9714
46.1 -69.9864
46.2 -70.0386
46.3 -70.0821
46.4 -70.1361
46.5 -70.1815
46.6 -70.2234
46.7 -70.2535
46.8 -70.2908
46.9 -70.3238
47 -70.3596
47.1 -70.4018
47.2 -70.4397
47.3 -70.4572
47.4 -70.484
47.5 -70.5259
47.6 -70.4724
47.7 -70.4978
47.8 -70.5093
47.9 -70.4826
48 -70.4276
48.1 -70.4998
48.2 -70.4639
48.3 -70.471
48.4 -70.301
48.5 -69.9884
48.6 -69.9602
48.7 -69.9515
48.8 -69.7968
48.9 -69.6396
49 -69.52
49.1 -69.4185
49.2 -69.4397
49.3 -69.3338
49.4 -69.3141
49.5 -69.0939
49.6 -68.9062
49.7 -68.7915
49.8 -68.7155
49.9 -68.7352
50 -68.825
