0 -70
0.1 -69.7906
0.2 -69.5393
0.3 -69.3548
0.4 -69.1023
0.5 -68.9041
0.6 -68.8523
0.7 -68.8081
0.8 -68.8597
0.9 -69.0238
1 -69.2049
1.1 -69.4224
1.2 -69.6231
1.3 -69.6797
1.4 -69.7317
1.5 -69.7979
1.6 -69.809
1.7 -69.9427
1.8 -70.0286
1.9 -70.107
2 -70.0288
2.1 -69.9678
2.2 -69.7956
2.3 -69.6265
2.4 -69.5181
2.5 -69.3352
2.6 -69.1159
2.7 -69.1336
2.8 -69.1727
2.9 -69.2322
3 -69.1222
3.1 -69.0514
3.2 -68.9355
3.3 -68.9533
3.4 -69.1338
3.5 -69.1919
3.6 -69.1696
3.7 -69.1847
3.8 -69.1976
3.9 -69.3169
4 -69.4016
4.1 -69.4039
4.2 -69.4342
4.3 -69.315
4.4 -69.0472
4.5 -68.8417
4.6 -68.6296
4.7 -68.353
4.8 -68.0776
4.9 -67.8392
5 -67.6103
5.1 -67.5053
5.2 -67.3942
5.3 -67.1983
5.4 -67.1467
5.5 -66.999
5.6 -66.8743
5.7 -66.6927
5.8 -66.6139
5.9 -66.4599
6 -66.239
6.1 -65.9998
6.2 -65.8619
6.3 -65.7618
6.4 -65.6118
6.5 -65.4834
6.6 -65.3812
6.7 -65.3509
6.8 -65.3352
6.9 -65.3978
7 -65.3663
7.1 -65.294
7.2 -65.2912
7.3 -65.3042
7.4 -65.3378
7.5 -65.3493
7.6 -65.386
7.7 -65.4241
7.8 -65.3725
7.9 -65.1858
8 -65.0851
8.1 -65.0189
8.2 -64.9179
8.3 -64.9404
8.4 -64.9521
8.5 -65.1144
8.6 -65.3566
8.7 -65.5467
8.8 -65.7795
8.9 -65.898
9 -65.951
9.1 -66.0752
9.2 -66.1712
9.3 -66.2372
9.4 -66.2731
9.5 -66.3076
9.6 -66.3534
9.7 -66.3706
9.8 -66.3042
9.9 -66.2669
10 -66.1378
10.1 -65.9468
10.2 -65.8969
10.3 -65.9217
10.4 -65.9775
10.5 -65.998
10.6 -65.9066
10.7 -65.8336
10.8 -65.7927
10.9 -65.876
11 -65.9383
11.1 -65.9
11.2 -65.9557
11.3 -65.9707
11.4 -66.1639
11.5 -66.2631
11.6 -66.3595
11.7 -66.4389
11.8 -66.5918
11.9 -66.7033
12 -66.751
12.1 -66.7683
12.2 -66.8576
12.3 -66.9557
12.4 -67.0051
12.5 -67.0468
12.6 -67.1877
12.7 -67.3088
12.8 -67.4316
12.9 -67.5067
13 -67.5725
13.1 -67.6139
13.2 -67.6774
13.3 -67.7625
13.4 -67.6416
13.5 -67.5751
13.6 -67.6266
13.7 -67.6735
13.8 -67.6661
13.9 -67.6602
14 -67.6452
14.1 -67.57
14.2 -67.4628
14.3 -67.339
14.4 -67.1189
14.5 -66.8934
14.6 -66.7563
14.7 -66.6183
14.8 -66.4396
14.9 -66.2854
15 -66.0628
15.1 -65.8298
15.2 -65.6321
15.3 -65.531
15.4 -65.4853
15.5 -65.4535
15.6 -65.339
15.7 -65.405
15.8 -65.4503
15.9 -65.3997
16 -65.3035
16.1 -65.3165
16.2 -65.2986
16.3 -65.3599
16.4 -65.3843
16.5 -65.5342
16.6 -65.7166
16.7 -65.9407
16.8 -66.147
16.9 -66.2572
17 -66.3769
17.1 -66.5273
17.2 -66.605
17.3 -66.4958
17.4 -66.3649
17.5 -66.2168
17.6 -66.0085
17.7 -65.8818
17.8 -65.7522
17.9 -65.5362
18 -65.4237
18.1 -65.4163
18.2 -65.4913
18.3 -65.5662
18.4 -65.7433
18.5 -65.813
18.6 -65.733
18.7 -65.6011
18.8 -65.5247
18.9 -65.6128
19 -65.6561
19.1 -65.583
19.2 -65.4406
19.3 -65.4203
19.4 -65.3901
19.5 -65.3207
19.6 -65.4222
19.7 -65.456
19.8 -65.4206
19.9 -65.4048
20 -65.4275
20.1 -65.5042
20.2 -65.4356
20.3 -65.3194
20.4 -65.2502
20.5 -65.2145
20.6 -65.1301
20.7 -65.0573
20.8 -65.0658
20.9 -64.9528
21 -64.7984
21.1 -64.7296
21.2 -64.7986
21.3 -64.768
21.4 -64.7271
21.5 -64.7119
21.6 -64.7273
21.7 -64.7697
21.8 -64.8649
21.9 -64.8803
22 -64.8881
22.1 -64.902
22.2 -64.9189
22.3 -64.9912
22.4 -65.0538
22.5 -65.1301
22.6 -65.0758
22.7 -64.916
22.8 -64.7288
22.9 -64.5141
23 -64.3421
23.1 -64.1678
23.2 -64.0313
23.3 -63.9947
23.4 -64.0338
23.5 -64.0599
23.6 -64.097
23.7 -64.0217
23.8 -64.0173
23.9 -64.0478
24 -64.0973
24.1 -64.2716
24.2 -64.439
24.3 -64.5423
24.4 -64.6056
24.5 -64.641
24.6 -64.6314
24.7 -64.6795
24.8 -64.713
24.9 -64.7596
25 -64.7737
25.1 -64.8224
25.2 -64.8862
25.3 -64.9883
25.4 -65.0753
25.5 -65.01
25.6 -64.9232
25.7 -64.8939
25.8 -64.8231
25.9 -64.7798
26 -64.7661
26.1 -64.7257
26.2 -64.6006
26.3 -64.5596
26.4 -64.622
26.5 -64.6617
26.6 -64.6799
26.7 -64.5624
26.8 -64.451
26.9 -64.2411
27 -64.1402
27.1 -64.0208
27.2 -63.9709
27.3 -63.9681
27.4 -63.9192
27.5 -63.9173
27.6 -63.9271
27.7 -63.9813
27.8 -64.0754
27.9 -64.2125
28 -64.3348
28.1 -64.4266
28.2 -64.416
28.3 -64.3505
28.4 -64.2645
28.5 -64.2782
28.6 -64.3451
28.7 -64.3952
28.8 -64.4576
28.9 -64.5728
29 -64.5889
29.1 -64.5762
29.2 -64.5906
29.3 -64.5352
29.4 -64.5506
29.5 -64.5054
29.6 -64.4927
29.7 -64.4267
29.8 -64.3386
29.9 -64.2798
30 -64.2034
30.1 -64.1396
30.2 -64.0648
30.3 -64.1288
30.4 -64.3042
30.5 -64.5058
30.6 -64.6914
30.7 -64.8893
30.8 -64.9499
30.9 -65.0362
31 -65.0435
31.1 -65.0214
31.2 -65.0751
31.3 -65.1953
31.4 -65.2161
31.5 -65.337
31.6 -65.4189
31.7 -65.5585
31.8 -65.6897
31.9 -65.7527
32 -65.9162
32.1 -66.067
32.2 -66.1979
32.3 -66.1664
32.4 -66.0543
32.5 -66.1382
32.6 -66.1864
32.7 -66.1401
32.8 -65.9397
32.9 -65.6472
33 -65.3557
33.1 -65.0334
33.2 -64.7304
33.3 -64.5842
33.4 -64.5072
33.5 -64.5459
33.6 -64.5638
33.7 -64.5134
33.8 -64.507
33.9 -64.4715
34 -64.3363
34.1 -64.1903
34.2 -64.0741
34.3 -64.0505
34.4 -64.1057
34.5 -64.0188
34.6 -64.0082
34.7 -63.9145
34.8 -63.7751
34.9 -63.5882
35 -63.5518
35.1 -63.549
35.2 -63.5169
35.3 -63.4892
35.4 -63.5224
35.5 -63.6754
35.6 -63.8674
35.7 -64.1501
35.8 -64.3507
35.9 -64.5037
36 -64.6088
36.1 -64.7596
36.2 -64.9693
36.3 -65.2583
36.4 -65.5359
36.5 -65.8184
36.6 -66.0303
36.7 -66.217
36.8 -66.4382
36.9 -66.6976
37 -66.8474
37.1 -66.9759
37.2 -67.0982
37.3 -67.1752
37.4 -67.2365
37.5 -67.3183
37.6 -67.4319
37.7 -67.605
37.8 -67.6367
37.9 -67.5793
38 -67.4283
38.1 -67.4352
38.2 -67.4993
38.3 -67.5627
38.4 -67.6733
38.5 -67.8671
38.6 -68.0042
38.7 -68.1148
38.8 -68.1868
38.9 -68.265
39 -68.4031
39.1 -68.5151
39.2 -68.5946
39.3 -68.6761
39.4 -68.7397
39.5 -68.7905
39.6 -68.8258
39.7 -68.8801
39.8 -68.9281
39.9 -68.9847
40 -69.0444
40.1 -69.116
40.2 -68.97
40.3 -68.7808
40.4 -68.669
40.5 -68.6485
40.6 -68.7078
40.7 -68.7262
40.8 -68.6284
40.9 -68.5963
41 -68.6678
41.1 -68.7317
41.2 -68.7642
41.3 -68.7666
41.4 -68.8823
41.5 -69.0613
41.6 -69.2
41.7 -69.2865
41.8 -69.39
41.9 -69.5016
42 -69.5909
42.1 -69.6606
42.2 -69.7198
42.3 -69.7824
42.4 -69.8396
42.5 -69.8569
42.6 -69.8298
42.7 -69.6621
42.8 -69.5463
42.9 -69.4061
43 -69.3362
43.1 -69.2286
43.2 -69.1311
43.3 -69.0311
43.4 -68.9104
43.5 -68.8755
43.6 -68.8323
43.7 -68.6995
43.8 -68.6618
43.9 -68.7274
44 -68.879
44.1 -69.0019
44.2 -69.1689
44.3 -69.3513
44.4 -69.5088
44.5 -69.529
44.6 -69.5292
44.7 -69.5168
44.8 -69.3792
44.9 -69.2732
45 -69.1624
45.1 -69.1905
45.2 -69.3297
45.3 -69.4738
45.4 -69.6326
45.5 -69.7979
45.6 -69.9199
45.7 -70.0277
45.8 -69.9995
45.9 -70.0399
46 -70.083
46.1 -70.1337
46.2 -70.1264
46.3 -70.0543
46.4 -70.0089
46.5 -69.8972
46.6 -69.6869
46.7 -69.3621
46.8 -69.1092
46.9 -68.9279
47 -68.9016
47.1 -68.9322
47.2 -68.8966
47.3 -68.7042
47.4 -68.4961
47.5 -68.3367
47.6 -68.1608
47.7 -67.9747
47.8 -67.8646
47.9 -67.7223
48 -67.6481
48.1 -67.5421
48.2 -67.4252
48.3 -67.1999
48.4 -67.1373
48.5 -67.0335
48.6 -66.8971
48.7 -66.7191
48.8 -66.6667
48.9 -66.7156
49 -66.663
49.1 -66.6309
49.2 -66.5092
49.3 -66.487
49.4 -66.5811
49.5 -66.6341
49.6 -66.6369
49.7 -66.5694
49.8 -66.4803
49.9 -66.3011
50 -66.1186
