0 -70
0.1 -69.7906
0.2 -69.7159
0.3 -69.6576
0.4 -69.5096
0.5 -69.3629
0.6 -69.1763
0.7 -69.0756
0.8 -69.0238
0.9 -68.9378
1 -68.8495
1.1 -68.6727
1.2 -68.5529
1.3 -68.5877
1.4 -68.5376
1.5 -68.4169
1.6 -68.3152
1.7 -68.1257
1.8 -67.9575
1.9 -67.7628
2 -67.5091
2.1 -67.2908
2.2 -67.1188
2.3 -67.0025
2.4 -66.881
2.5 -66.7529
2.6 -66.6066
2.7 -66.536
2.8 -66.5266
2.9 -66.4764
3 -66.3432
3.1 -66.3778
3.2 -66.364
3.3 -66.3274
3.4 -66.2945
3.5 -66.2212
3.6 -66.0615
3.7 -65.9628
3.8 -65.9827
3.9 -66.0592
4 -66.1666
4.1 -66.3468
4.2 -66.4378
4.3 -66.5421
4.4 -66.5888
4.5 -66.5313
4.6 -66.4073
4.7 -66.3662
4.8 -66.2987
4.9 -66.2623
5 -66.3334
5.1 -66.3526
5.2 -66.3856
5.3 -66.3678
5.4 -66.3362
5.5 -66.3689
5.6 -66.4038
5.7 -66.4064
5.8 -66.4461
5.9 -66.3205
6 -66.1773
6.1 -66.0309
6.2 -66.0081
6.3 -65.9793
6.4 -65.898
6.5 -65.891
6.6 -65.7662
6.7 -65.7641
6.8 -65.7573
6.9 -65.7436
7 -65.8075
7.1 -65.9306
7.2 -65.9589
7.3 -66.103
7.4 -66.1108
7.5 -66.077
7.6 -66.0966
7.7 -66.2392
7.8 -66.4003
7.9 -66.4561
8 -66.4699
8.1 -66.4998
8.2 -66.5012
8.3 -66.4856
8.4 -66.5622
8.5 -66.6343
8.6 -66.7796
8.7 -66.7746
8.8 -66.7504
8.9 -66.7789
9 -66.881
9.1 -66.9476
9.2 -66.9606
9.3 -67.0325
9.4 -66.9967
9.5 -67.0754
9.6 -67.1147
9.7 -67.3313
9.8 -67.4872
9.9 -67.557
10 -67.5858
10.1 -67.5998
10.2 -67.5369
10.3 -67.5664
10.4 -67.616
10.5 -67.5765
10.6 -67.5789
10.7 -67.5108
10.8 -67.493
10.9 -67.4621
11 -67.4805
11.1 -67.3533
11.2 -67.2158
11.3 -67.0392
11.4 -66.939
11.5 -66.7672
11.6 -66.6075
11.7 -66.3577
11.8 -66.1964
11.9 -66.0973
12 -65.9796
12.1 -65.8283
12.2 -65.7116
12.3 -65.5463
12.4 -65.4518
12.5 -65.361
12.6 -65.2996
12.7 -65.1157
12.8 -64.9991
12.9 -64.9475
13 -64.9473
13.1 -64.9555
13.2 -65.023
13.3 -65.1121
13.4 -65.2489
13.5 -65.364
13.6 -65.563
13.7 -65.8101
13.8 -66.0896
13.9 -66.2825
14 -66.5217
14.1 -66.7318
14.2 -66.9439
14.3 -67.1201
14.4 -67.2072
14.5 -67.2887
14.6 -67.3213
14.7 -67.3295
14.8 -67.1511
14.9 -66.9563
15 -66.87
15.1 -66.8299
15.2 -66.7213
15.3 -66.4697
15.4 -66.2341
15.5 -66.1097
15.6 -66.1556
15.7 -66.2339
15.8 -66.3043
15.9 -66.4398
16 -66.5753
16.1 -66.6566
16.2 -66.6091
16.3 -66.5831
16.4 -66.5388
16.5 -66.522
16.6 -66.5222
16.7 -66.6014
16.8 -66.6315
16.9 -66.5378
17 -66.4723
17.1 -66.4229
17.2 -66.3342
17.3 -66.3595
17.4 -66.3127
17.5 -66.3235
17.6 -66.3139
17.7 -66.3004
17.8 -66.2919
17.9 -66.1926
18 -66.1553
18.1 -66.1586
18.2 -66.1437
18.3 -66.0719
18.4 -66.1411
18.5 -66.1298
18.6 -66.0193
18.7 -65.9935
18.8 -65.939
18.9 -65.7982
19 -65.5931
19.1 -65.5523
19.2 -65.6042
19.3 -65.772
19.4 -66.0171
19.5 -66.1587
19.6 -66.3799
19.7 -66.5317
19.8 -66.6026
19.9 -66.6706
20 -66.5972
20.1 -66.5193
20.2 -66.5128
20.3 -66.4937
20.4 -66.39
20.5 -66.2881
20.6 -66.1616
20.7 -66.1057
20.8 -66.0883
20.9 -66.158
21 -66.0953
21.1 -65.9797
21.2 -65.9763
21.3 -65.9635
21.4 -66.0075
21.5 -66.0263
21.6 -65.996
21.7 -65.8953
21.8 -65.8157
21.9 -65.7441
22 -65.6824
22.1 -65.5973
22.2 -65.4966
22.3 -65.4131
22.4 -65.4456
22.5 -65.4309
22.6 -65.3719
22.7 -65.3815
22.8 -65.1793
22.9 -65.0179
23 -64.8771
23.1 -64.8288
23.2 -64.935
23.3 -65.022
23.4 -65.1016
23.5 -65.1606
23.6 -65.1473
23.7 -65.1852
23.8 -65.1443
23.9 -65.175
24 -65.1852
24.1 -65.1956
24.2 -65.2083
24.3 -65.2058
24.4 -65.199
24.5 -65.1707
24.6 -65.0515
24.7 -64.9706
24.8 -64.8574
24.9 -64.8661
25 -64.8835
25.1 -64.7883
25.2 -64.7651
25.3 -64.7632
25.4 -64.7591
25.5 -64.8294
25.6 -64.8581
25.7 -64.8102
25.8 -64.7242
25.9 -64.6792
26 -64.6414
26.1 -64.6614
26.2 -64.5589
26.3 -64.5677
26.4 -64.4794
26.5 -64.3746
26.6 -64.359
26.7 -64.3452
26.8 -64.2967
26.9 -64.2696
27 -64.113
27.1 -63.9495
27.2 -63.7991
27.3 -63.6207
27.4 -63.5212
27.5 -63.4575
27.6 -63.3743
27.7 -63.1829
27.8 -63.0762
27.9 -63.0241
28 -62.9518
28.1 -62.856
28.2 -62.8382
28.3 -62.8348
28.4 -62.8266
28.5 -62.8091
28.6 -62.7436
28.7 -62.6877
28.8 -62.6749
28.9 -62.7178
29 -62.7157
29.1 -62.7149
29.2 -62.6817
29.3 -62.7007
29.4 -62.7116
29.5 -62.656
29.6 -62.6091
29.7 -62.5381
29.8 -62.5115
29.9 -62.4427
30 -62.4844
30.1 -62.5825
30.2 -62.6378
30.3 -62.781
30.4 -62.9336
30.5 -63.1218
30.6 -63.2215
30.7 -63.2924
30.8 -63.4083
30.9 -63.4836
31 -63.6399
31.1 -63.7823
31.2 -63.9127
31.3 -64.0805
31.4 -64.2388
31.5 -64.3527
31.6 -64.4616
31.7 -64.7095
31.8 -64.96
31.9 -65.1271
32 -65.2695
32.1 -65.3706
32.2 -65.5373
32.3 -65.7267
32.4 -65.8956
32.5 -66.075
32.6 -66.333
32.7 -66.5565
32.8 -66.7287
32.9 -66.8819
33 -66.9966
33.1 -67.1236
33.2 -67.2512
33.3 -67.3508
33.4 -67.4069
33.5 -67.3809
33.6 -67.3761
33.7 -67.2731
33.8 -67.248
33.9 -67.2254
34 -67.1521
34.1 -67.1569
34.2 -67.2872
34.3 -67.4502
34.4 -67.6295
34.5 -67.7662
34.6 -67.8974
34.7 -68.0235
34.8 -68.1195
34.9 -68.2188
35 -68.3062
35.1 -68.3848
35.2 -68.4345
35.3 -68.4786
35.4 -68.5043
35.5 -68.5304
35.6 -68.5705
35.7 -68.6203
35.8 -68.6689
35.9 -68.7263
36 -68.7751
36.1 -68.8227
36.2 -68.8588
36.3 -68.9014
36.4 -68.9466
36.5 -69.0139
36.6 -69.0756
36.7 -69.1234
36.8 -69.181
36.9 -69.2435
37 -69.3012
37.1 -69.3448
37.2 -69.363
37.3 -69.3616
37.4 -69.3431
37.5 -69.2502
37.6 -69.1583
37.7 -69.2085
37.8 -69.2845
37.9 -69.3934
38 -69.4817
38.1 -69.5484
38.2 -69.6199
38.3 -69.6903
38.4 -69.6601
38.5 -69.6093
38.6 -69.5463
38.7 -69.414
38.8 -69.2984
38.9 -69.1301
39 -69.0266
39.1 -68.9109
39.2 -68.8586
39.3 -68.8001
39.4 -68.844
39.5 -68.9575
39.6 -69.1197
39.7 -69.1452
39.8 -69.1612
39.9 -69.1506
40 -69.2844
40.1 -69.3369
40.2 -69.4319
40.3 -69.5872
40.4 -69.6958
40.5 -69.6275
40.6 -69.6029
40.7 -69.601
40.8 -69.4791
40.9 -69.4439
41 -69.3999
41.1 -69.2849
41.2 -69.1926
41.3 -69.2075
41.4 -69.1584
41.5 -69.1365
41.6 -69.1656
41.7 -69.0713
41.8 -69.0246
41.9 -68.9461
42 -68.8883
42.1 -68.7174
42.2 -68.6702
42.3 -68.5887
42.4 -68.6012
42.5 -68.5241
42.6 -68.5209
42.7 -68.5172
42.8 -68.6846
42.9 -68.8137
43 -68.7965
43.1 -68.8507
43.2 -69.1243
43.3 -69.3345
43.4 -69.3196
43.5 -69.2965
43.6 -69.3058
43.7 -69.4459
43.8 -69.6005
43.9 -69.6228
44 -69.7005
44.1 -69.5886
44.2 -69.4781
44.3 -69.2807
44.4 -69.1871
44.5 -69.0552
44.6 -68.8654
44.7 -68.7423
44.8 -68.5308
44.9 -68.4459
45 -68.3363
45.1 -68.1996
45.2 -68.1705
45.3 -68.1653
45.4 -68.115
45.5 -68.1028
45.6 -68.0585
45.7 -68.0531
45.8 -68.0609
45.9 -68.1306
46 -68.1309
46.1 -68.1811
46.2 -68.1283
46.3 -68.0754
46.4 -68.0306
46.5 -67.9705
46.6 -67.9912
46.7 -68.0189
46.8 -67.9566
46.9 -67.7988
47 -67.7356
47.1 -67.7164
47.2 -67.6029
47.3 -67.5018
47.4 -67.441
47.5 -67.3503
47.6 -67.3656
47.7 -67.4363
47.8 -67.4741
47.9 -67.4831
48 -67.4383
48.1 -67.387
48.2 -67.4195
48.3 -67.5578
48.4 -67.6708
48.5 -67.6824
48.6 -67.6594
48.7 -67.7144
48.8 -67.8878
48.9 -67.947
49 -68.0512
49.1 -68.0503
49.2 -68.0533
49.3 -67.9769
49.4 -68.0732
49.5 -68.1357
49.6 -68.1978
49.7 -68.2119
49.8 -68.3042
49.9 -68.3687
50 -68.4009
